0.1	0.413,0.296	-0.006,-0.027	0.070,0.185	0.455,0.068	0.070,-0.027	0.378,0.042	-0.014,0.001	0.056,-0.077	0.096,0.132	0.071,-0.420	0.286,0.237	-0.115,-0.108	-0.243,-0.186	0.528,-0.039	0.144,0.372	-0.636,-0.109	0.384,-0.020	0.163,0.393	0.390,0.180	-0.109,-0.582
10.100	0.355,0.217	0.060,-0.096	0.060,0.221	0.432,0.158	-0.021,-0.047	0.374,-0.053	0.073,0.044	0.119,-0.151	0.045,0.181	0.159,-0.466	0.318,0.328	-0.174,-0.050	-0.330,-0.165	0.601,0.021	0.214,0.435	-0.601,-0.016	0.412,-0.083	0.259,0.410	0.306,0.211	-0.124,-0.485
20.100	0.359,0.246	0.058,-0.132	0.057,0.313	0.348,0.111	-0.118,-0.071	0.375,-0.151	0.166,0.044	0.200,-0.199	0.026,0.266	0.229,-0.430	0.297,0.417	-0.259,-0.098	-0.246,-0.192	0.589,0.116	0.296,0.492	-0.646,0.049	0.472,-0.143	0.343,0.463	0.255,0.295	-0.076,-0.398
30.100	0.420,0.325	-0.033,-0.096	-0.035,0.284	0.274,0.044	-0.149,-0.103	0.358,-0.249	0.238,0.007	0.267,-0.152	0.109,0.318	0.186,-0.399	0.341,0.507	-0.299,-0.190	-0.170,-0.226	0.497,0.147	0.387,0.498	-0.671,0.002	0.569,-0.144	0.423,0.520	0.284,0.387	0.005,-0.367
40.100	0.469,0.410	-0.087,-0.020	-0.099,0.226	0.200,-0.023	-0.089,-0.058	0.365,-0.344	0.290,-0.079	0.200,-0.082	0.164,0.387	0.104,-0.444	0.345,0.580	-0.364,-0.263	-0.265,-0.230	0.399,0.154	0.379,0.447	-0.616,-0.073	0.560,-0.229	0.372,0.556	0.332,0.445	0.016,-0.292
50.100	0.473,0.474	-0.182,-0.043	-0.017,0.273	0.212,-0.082	-0.056,0.031	0.462,-0.367	0.342,-0.164	0.186,-0.058	0.175,0.486	0.188,-0.450	0.261,0.624	-0.395,-0.348	-0.353,-0.193	0.305,0.168	0.309,0.379	-0.621,0.011	0.542,-0.318	0.342,0.578	0.386,0.523	0.087,-0.222
60.100	0.471,0.486	-0.272,-0.063	-0.013,0.366	0.235,-0.167	-0.007,0.057	0.554,-0.377	0.394,-0.250	0.279,-0.076	0.171,0.584	0.256,-0.380	0.179,0.645	-0.463,-0.399	-0.389,-0.100	0.338,0.116	0.238,0.385	-0.666,0.065	0.576,-0.340	0.274,0.571	0.432,0.519	0.178,-0.202
70.100	0.449,0.505	-0.332,-0.136	-0.090,0.425	0.175,-0.228	-0.099,0.043	0.506,-0.447	0.446,-0.335	0.329,-0.160	0.190,0.626	0.263,-0.289	0.161,0.650	-0.544,-0.342	-0.452,-0.043	0.373,0.025	0.186,0.426	-0.668,0.056	0.600,-0.306	0.215,0.490	0.410,0.532	0.256,-0.246
80.100	0.419,0.522	-0.317,-0.232	-0.157,0.499	0.082,-0.248	-0.169,0.105	0.437,-0.516	0.498,-0.420	0.367,-0.252	0.147,0.635	0.250,-0.344	0.118,0.659	-0.479,-0.294	-0.496,-0.111	0.398,0.017	0.086,0.418	-0.616,0.039	0.631,-0.234	0.158,0.409	0.391,0.548	0.229,-0.302
90.100	0.409,0.448	-0.223,-0.258	-0.225,0.573	0.037,-0.194	-0.253,0.072	0.362,-0.570	0.496,-0.450	0.442,-0.297	0.116,0.578	0.247,-0.444	0.161,0.653	-0.433,-0.205	-0.429,-0.125	0.415,-0.055	0.030,0.338	-0.517,0.049	0.638,-0.164	0.108,0.325	0.311,0.527	0.208,-0.217
100.100	0.366,0.511	-0.137,-0.308	-0.269,0.613	0.117,-0.135	-0.312,0.151	0.285,-0.607	0.483,-0.464	0.498,-0.283	0.144,0.482	0.244,-0.544	0.105,0.665	-0.415,-0.108	-0.461,-0.136	0.504,-0.096	-0.062,0.320	-0.417,0.058	0.562,-0.115	0.024,0.341	0.265,0.614	0.290,-0.169
110.100	0.386,0.547	-0.050,-0.347	-0.269,0.613	0.201,-0.082	-0.357,0.240	0.294,-0.542	0.471,-0.476	0.416,-0.339	0.215,0.440	0.235,-0.628	0.005,0.667	-0.463,-0.041	-0.477,-0.232	0.584,-0.065	-0.087,0.402	-0.318,0.067	0.560,-0.036	-0.046,0.368	0.236,0.563	0.365,-0.203
120.100	0.386,0.547	0.050,-0.344	-0.269,0.613	0.294,-0.061	-0.397,0.331	0.206,-0.564	0.461,-0.486	0.342,-0.405	0.310,0.472	0.208,-0.637	-0.065,0.668	-0.481,0.051	-0.427,-0.312	0.634,-0.140	-0.049,0.494	-0.218,0.076	0.475,-0.078	0.052,0.386	0.206,0.619	0.419,-0.170
130.100	0.386,0.547	0.062,-0.330	-0.272,0.612	0.345,0.008	-0.441,0.421	0.117,-0.551	0.451,-0.495	0.248,-0.437	0.406,0.498	0.183,-0.644	-0.005,0.670	-0.475,0.150	-0.513,-0.354	0.580,-0.214	-0.102,0.539	-0.119,0.085	0.435,-0.167	0.150,0.403	0.137,0.662	0.347,-0.102
140.100	0.386,0.547	0.036,-0.425	-0.262,0.617	0.278,-0.005	-0.464,0.483	0.044,-0.484	0.442,-0.503	0.153,-0.459	0.431,0.414	0.163,-0.649	-0.092,0.660	-0.487,0.249	-0.557,-0.281	0.502,-0.270	-0.066,0.564	-0.019,0.096	0.406,-0.262	0.249,0.420	0.043,0.671	0.267,-0.046
150.100	0.386,0.547	0.058,-0.516	-0.252,0.592	0.211,0.032	-0.468,0.479	-0.033,-0.425	0.436,-0.508	0.081,-0.390	0.382,0.371	0.160,-0.650	-0.170,0.597	-0.530,0.328	-0.628,-0.242	0.557,-0.245	-0.037,0.524	0.077,0.123	0.390,-0.360	0.339,0.453	-0.048,0.673	0.202,-0.013
160.100	0.386,0.547	0.070,-0.612	-0.244,0.506	0.137,0.048	-0.492,0.457	-0.110,-0.360	0.430,-0.513	0.106,-0.417	0.466,0.422	0.178,-0.646	-0.247,0.543	-0.587,0.322	-0.656,-0.162	0.572,-0.152	-0.086,0.439	0.140,0.164	0.346,-0.443	0.435,0.451	-0.042,0.650	0.158,0.019
170.100	0.386,0.547	0.008,-0.646	-0.228,0.411	0.074,0.097	-0.518,0.425	-0.186,-0.296	0.425,-0.517	0.126,-0.511	0.482,0.327	0.251,-0.597	-0.319,0.477	-0.606,0.287	-0.674,-0.066	0.568,-0.054	-0.157,0.374	0.081,0.230	0.302,-0.527	0.428,0.359	-0.074,0.556	0.223,0.089
180.100	0.386,0.547	-0.086,-0.616	-0.267,0.322	0.064,0.190	-0.546,0.395	-0.263,-0.231	0.419,-0.522	0.061,-0.582	0.483,0.268	0.261,-0.618	-0.370,0.393	-0.613,0.284	-0.666,-0.076	0.488,-0.054	-0.214,0.295	0.089,0.240	0.226,-0.552	0.361,0.288	-0.107,0.461	0.222,0.185
190.100	0.386,0.547	-0.162,-0.583	-0.302,0.229	0.130,0.257	-0.552,0.309	-0.339,-0.167	0.413,-0.527	-0.016,-0.646	0.388,0.248	0.331,-0.590	-0.408,0.310	-0.574,0.231	-0.671,-0.062	0.564,-0.028	-0.211,0.195	0.093,0.336	0.206,-0.459	0.268,0.259	-0.139,0.366	0.305,0.238
200.100	0.386,0.547	-0.108,-0.655	-0.289,0.138	0.102,0.343	-0.573,0.326	-0.411,-0.098	0.411,-0.529	-0.055,-0.674	0.419,0.296	0.336,-0.517	-0.392,0.222	-0.505,0.177	-0.672,-0.007	0.630,0.047	-0.184,0.101	0.021,0.333	0.145,-0.379	0.173,0.231	-0.172,0.272	0.373,0.305
210.100	0.416,0.525	-0.109,-0.661	-0.211,0.114	0.047,0.318	-0.574,0.345	-0.475,-0.106	0.410,-0.530	-0.006,-0.614	0.486,0.369	0.343,-0.571	-0.488,0.234	-0.461,0.210	-0.626,-0.080	0.653,0.125	-0.199,0.008	0.041,0.352	0.085,-0.299	0.077,0.212	-0.205,0.177	0.435,0.384
220.100	0.445,0.501	-0.087,-0.664	-0.211,0.189	-0.013,0.280	-0.608,0.292	-0.526,-0.192	0.409,-0.530	-0.097,-0.580	0.491,0.337	0.254,-0.591	-0.579,0.258	-0.419,0.300	-0.611,-0.176	0.572,0.067	-0.231,-0.082	0.072,0.266	0.025,-0.220	-0.022,0.221	-0.240,0.087	0.465,0.365
230.100	0.409,0.494	-0.095,-0.663	-0.303,0.204	-0.094,0.319	-0.628,0.212	-0.578,-0.278	0.408,-0.531	-0.197,-0.586	0.437,0.256	0.240,-0.500	-0.550,0.167	-0.321,0.308	-0.555,-0.228	0.484,0.069	-0.315,-0.114	-0.016,0.240	-0.047,-0.157	-0.119,0.238	-0.273,-0.007	0.526,0.292
240.100	0.322,0.449	-0.153,-0.652	-0.391,0.253	-0.142,0.307	-0.552,0.153	-0.585,-0.341	0.407,-0.532	-0.296,-0.582	0.364,0.313	0.168,-0.467	-0.509,0.076	-0.349,0.246	-0.619,-0.255	0.415,0.036	-0.358,-0.136	-0.040,0.165	-0.130,-0.105	-0.213,0.271	-0.369,-0.029	0.616,0.253
250.100	0.240,0.505	-0.066,-0.673	-0.478,0.302	-0.083,0.269	-0.565,0.187	-0.531,-0.417	0.406,-0.533	-0.373,-0.560	0.322,0.403	0.073,-0.438	-0.476,-0.018	-0.282,0.233	-0.631,-0.227	0.356,-0.036	-0.306,-0.222	-0.058,0.067	-0.118,-0.035	-0.236,0.249	-0.447,0.003	0.641,0.200
260.100	0.256,0.586	0.030,-0.668	-0.565,0.351	-0.013,0.213	-0.616,0.211	-0.474,-0.478	0.405,-0.533	-0.400,-0.514	0.276,0.492	-0.024,-0.411	-0.456,-0.112	-0.299,0.135	-0.643,-0.189	0.258,-0.031	-0.335,-0.205	-0.059,-0.014	-0.079,0.024	-0.199,0.315	-0.541,-0.023	0.654,0.151
270.100	0.277,0.610	0.123,-0.663	-0.572,0.347	-0.056,0.162	-0.646,0.117	-0.429,-0.515	0.404,-0.534	-0.319,-0.571	0.231,0.581	-0.117,-0.434	-0.457,-0.210	-0.294,0.035	-0.636,-0.210	0.167,0.006	-0.344,-0.106	-0.024,-0.104	0.003,0.036	-0.112,0.323	-0.640,-0.013	0.662,0.107
